1.05 1.174
1.088 1.20744
1.126 1.24088
1.164 1.27432
1.202 1.30776
1.24 1.3412
1.278 1.37464
1.316 1.40808
1.354 1.44152
1.392 1.47496
1.43 1.5084
1.468 1.54184
1.506 1.57528
1.544 1.60872
1.582 1.64216
1.62 1.6756
1.658 1.70904
1.696 1.74248
1.734 1.77592
1.772 1.80936
1.81 1.8428
1.848 1.87624
1.886 1.90968
1.924 1.94312
1.962 1.97656
2.0 2.01
2.038 2.04344
2.076 2.07688
2.114 2.11032
2.152 2.14376
2.19 2.1772
2.228 2.21064
2.266 2.24408
2.304 2.27752
2.342 2.31096
2.38 2.3444
2.418 2.37784
2.456 2.41128
2.494 2.44472
2.532 2.47816
2.57 2.5116
2.608 2.54504
2.646 2.57848
2.684 2.61192
2.722 2.64536
2.76 2.6788
2.798 2.71224
2.836 2.74568
2.874 2.77912
2.912 2.81256