1.05 1.16584
1.088 1.11605
1.126 1.2191
1.164 1.4373
1.202 1.21263
1.24 1.35302
1.278 1.44812
1.316 1.36983
1.354 1.33221
1.392 1.47139
1.43 1.649
1.468 1.56803
1.506 1.45574
1.544 1.74951
1.582 1.77343
1.62 1.73866
1.658 1.76827
1.696 1.4907
1.734 1.68424
1.772 1.91371
1.81 1.72872
1.848 1.87495
1.886 2.04228
1.924 1.94713
1.962 1.98993
2.0 2.05464
2.038 2.09528
2.076 2.01542
2.114 2.28125
2.152 2.27558
2.19 2.09072
2.228 1.93575
2.266 2.16868
2.304 2.16922
2.342 2.14464
2.38 2.30142
2.418 2.29239
2.456 2.59694
2.494 2.4786
2.532 2.55541
2.57 2.61125
2.608 2.60551
2.646 2.44908
2.684 2.75193
2.722 2.54662
2.76 2.67688
2.798 2.68425
2.836 2.81591
2.874 2.78243
2.912 2.71886