0 5.60889
3 5.51252
18 12.5166
11 13.5523
12 14.5614
5 7.5268
1 5.68085
16 14.2662
16 13.9865
22 7.03208
9 10.9077
12 13.3225
19 10.8468
0 5.57753
1 5.1335
12 14.5186
16 15.0313
0 5.50226
9 11.8999
1 5.02781
10 11.8429
16 14.0946
14 15.8366
22 7.2972
20 9.69652
12 13.8361
2 5.55235
15 14.3438
9 11.3735
16 15.0392
21 8.98988
18 12.7578
6 8.05837
1 4.45251
17 14.006
7 8.49695
15 14.7622
18 12.8731
23 6.51239
8 10.0094
5 6.38554
23 7.01555
17 13.6018
18 12.5635
15 15.3249
1 5.63541
15 14.4587
21 9.70829
6 7.88791
10 13.1727
